0 1
1 3
2 0
3 2
4 1
5 3
6 0
7 2
8 1
9 3
10 0
11 2
12 1
13 3
14 0
15 2
16 1
17 3
18 0
19 2
20 1
21 3
22 0
23 2
24 1
25 3
26 0
27 2
28 1
29 3
30 0
31 2
32 1
33 3
34 0
35 2
36 1
37 3
38 0
39 2
40 1
41 3
42 0
43 2
44 1
45 3
46 0
47 2
48 1
49 3
50 0
51 2
52 1
53 3
54 0
55 2
56 1
57 3
58 0
59 2
60 1
61 3
62 0
63 2
64 1
65 3
66 0
67 2
68 1
69 3
70 0
71 2
72 1
73 3
74 0
75 2
76 1
77 3
78 0
79 2
80 1
81 3
82 0
83 2
84 1
85 3
86 0
87 2
88 1
89 3
90 0
91 2
92 1
93 3
94 0
95 2
96 1
97 3
98 0
99 2
100 1
101 3
102 0
103 2
104 1
105 3
106 0
107 2
108 1
109 3
110 0
111 2
112 1
113 3
114 0
115 2
116 1
117 3
118 0
119 2
120 1
121 3
122 0
123 2
124 1
125 3
126 0
127 2
128 1
129 3
130 0
131 2
132 1
133 3
134 0
135 2
136 1
137 3
138 0
139 2
140 1
141 3
142 0
143 2
144 1
145 3
146 0
147 2
148 1
149 3
150 0
151 2
152 1
153 3
154 0
155 2
156 1
157 3
158 0
159 2
160 1
161 3
162 0
163 2
164 1
165 3
166 0
167 2
168 1
169 3
170 0
171 2
172 1
173 3
174 0
175 2
176 1
177 3
178 0
179 2
180 1
181 3
182 0
183 2
184 1
185 3
186 0
187 2
188 1
189 3
190 0
191 2
192 1
193 3
194 0
195 2
196 1
197 3
198 0
199 2
200 1
201 3
202 0
203 2
204 1
205 3
206 0
207 2
208 1
209 3
210 0
211 2
212 1
213 3
214 0
215 2
216 1
217 3
218 0
219 2
220 1
221 3
222 0
223 2
224 1
225 3
226 0
227 2
228 1
229 3
230 0
231 2
232 1
233 3
234 0
235 2
236 1
237 3
238 0
239 2
240 1
241 3
242 0
243 2
244 1
245 3
246 0
247 2
248 1
249 3
250 0
251 2
252 1
253 3
254 0
255 2
256 1
257 3
258 0
259 2
260 1
261 3
262 0
263 2
264 1
265 3
266 0
267 2
268 1
269 3
270 0
271 2
272 1
273 3
274 0
275 2
276 1
277 3
278 0
279 2
280 1
281 3
282 0
283 2
284 1
285 3
286 0
287 2
288 1
289 3
290 0
291 2
292 1
293 3
294 0
295 2
296 1
297 3
298 0
299 2
300 1
301 3
302 0
303 2
304 1
305 3
306 0
307 2
308 1
309 3
310 0
311 2
312 1
313 3
314 0
315 2
316 1
317 3
318 0
319 2
320 1
321 3
322 0
323 2
324 1
325 3
326 0
327 2
328 1
329 3
330 0
331 2
332 1
333 3
334 0
335 2
336 1
337 3
338 0
339 2
340 1
341 3
342 0
343 2
344 1
345 3
346 0
347 2
348 1
349 3
350 0
351 2
352 1
353 3
354 0
355 2
356 1
357 3
358 0
359 2
360 1
361 3
362 0
363 2
364 1
365 3
366 0
367 2
368 1
369 3
370 0
371 2
372 1
373 3
374 0
375 2
376 1
377 3
378 0
379 2
380 1
381 3
382 0
383 2
384 1
385 3
386 0
387 2
388 1
389 3
390 0
391 2
392 1
393 3
394 0
395 2
396 1
397 3
398 0
399 2