0 3
1 2
2 0
3 1
4 3
5 2
6 0
7 1
8 3
9 2
10 0
11 1
12 3
13 2
14 0
15 1
16 3
17 2
18 0
19 1
20 3
21 2
22 0
23 1
24 3
25 2
26 0
27 1
28 3
29 2
30 0
31 1
32 3
33 2
34 0
35 1
36 3
37 2
38 0
39 1
40 3
41 2
42 0
43 1
44 3
45 2
46 0
47 1
48 3
49 2
50 0
51 1
52 3
53 2
54 0
55 1
56 3
57 2
58 0
59 1
60 3
61 2
62 0
63 1
64 3
65 2
66 0
67 1
68 3
69 2
70 0
71 1
72 3
73 2
74 0
75 1
76 3
77 2
78 0
79 1
80 3
81 2
82 0
83 1
84 3
85 2
86 0
87 1
88 3
89 2
90 0
91 1
92 3
93 2
94 0
95 1
96 3
97 2
98 0
99 1
100 3
101 2
102 0
103 1
104 3
105 2
106 0
107 1
108 3
109 2
110 0
111 1
112 3
113 2
114 0
115 1
116 3
117 2
118 0
119 1
120 3
121 2
122 0
123 1
124 3
125 2
126 0
127 1
128 3
129 2
130 0
131 1
132 3
133 2
134 0
135 1
136 3
137 2
138 0
139 1
140 3
141 2
142 0
143 1
144 3
145 2
146 0
147 1
148 3
149 2
150 0
151 1
152 3
153 2
154 0
155 1
156 3
157 2
158 0
159 1
160 3
161 2
162 0
163 1
164 3
165 2
166 0
167 1
168 3
169 2
170 0
171 1
172 3
173 2
174 0
175 1
176 3
177 2
178 0
179 1
180 3
181 2
182 0
183 1
184 3
185 2
186 0
187 1
188 3
189 2
190 0
191 1
192 3
193 2
194 0
195 1
196 3
197 2
198 0
199 1
200 3
201 2
202 0
203 1
204 3
205 2
206 0
207 1
208 3
209 2
210 0
211 1
212 3
213 2
214 0
215 1
216 3
217 2
218 0
219 1
220 3
221 2
222 0
223 1
224 3
225 2
226 0
227 1
228 3
229 2
230 0
231 1
232 3
233 2
234 0
235 1
236 3
237 2
238 0
239 1
240 3
241 2
242 0
243 1
244 3
245 2
246 0
247 1
248 3
249 2
250 0
251 1
252 3
253 2
254 0
255 1
256 3
257 2
258 0
259 1
260 3
261 2
262 0
263 1
264 3
265 2
266 0
267 1
268 3
269 2
270 0
271 1
272 3
273 2
274 0
275 1
276 3
277 2
278 0
279 1
280 3
281 2
282 0
283 1
284 3
285 2
286 0
287 1
288 3
289 2
290 0
291 1
292 3
293 2
294 0
295 1
296 3
297 2
298 0
299 1
300 3
301 2
302 0
303 1
304 3
305 2
306 0
307 1
308 3
309 2
310 0
311 1
312 3
313 2
314 0
315 1
316 3
317 2
318 0
319 1
320 3
321 2
322 0
323 1
324 3
325 2
326 0
327 1
328 3
329 2
330 0
331 1
332 3
333 2
334 0
335 1
336 3
337 2
338 0
339 1
340 3
341 2
342 0
343 1
344 3
345 2
346 0
347 1
348 3
349 2
350 0
351 1
352 3
353 2
354 0
355 1
356 3
357 2
358 0
359 1
360 3
361 2
362 0
363 1
364 3
365 2
366 0
367 1
368 3
369 2
370 0
371 1
372 3
373 2
374 0
375 1
376 3
377 2
378 0
379 1
380 3
381 2
382 0
383 1
384 3
385 2
386 0
387 1
388 3
389 2
390 0
391 1
392 3
393 2
394 0
395 1
396 3
397 2
398 0
399 1