0 8
1 2
2 8
3 0
4 0
5 11
6 12
7 12
8 0
9 7
10 7
11 2
12 12
13 7
14 8
15 2
16 5
17 1
18 2
19 2
20 8
21 10
22 6
23 2
24 11
25 10
26 12
27 7
28 11
29 12
30 7
31 2
32 12
33 6
34 9
35 11
36 10
37 12
38 1
39 3
40 2
41 6
42 7
43 2
44 10
45 5
46 7
47 12
48 0
49 1
50 7
51 12
52 7
53 6
54 6
55 2
56 8
57 7
58 11
59 2
60 10
61 6
62 0
63 6
64 10
65 6
66 2
67 12
68 12
69 7
70 11
71 10
72 0
73 10
74 6
75 2
76 2
77 1
78 7
79 6
80 6
81 7
82 8
83 0
84 2
85 12
86 9
87 2
88 10
89 6
90 12
91 6
92 12
93 0
94 5
95 12
96 12
97 1
98 6
99 12
100 2
101 1
102 2
103 2
104 1
105 6
106 12
107 0
108 12
109 6
110 10
111 5
112 10
113 7
114 11
115 5
116 12
117 2
118 7
119 2
120 6
121 10
122 2
123 10
124 12
125 8
126 0
127 11
128 2
129 2
130 12
131 12
132 11
133 6
134 2
135 0
136 1
137 5
138 6
139 1
140 12
141 7
142 1
143 10
144 6
145 11
146 2
147 2
148 8
149 2
150 12
151 10
152 12
153 11
154 5
155 8
156 0
157 10
158 1
159 1
160 8
161 6
162 1
163 7
164 0
165 12
166 11
167 6
168 0
169 5
170 0
171 6
172 11
173 5
174 6
175 7
176 7
177 11
178 5
179 10
180 0
181 8
182 0
183 6
184 5
185 6
186 8
187 7
188 0
189 2
190 12
191 10
192 12
193 2
194 8
195 11
196 7
197 1
198 6
199 6
200 1
201 8
202 1
203 0
204 7
205 12
206 1
207 8
208 8
209 2
210 12
211 6
212 10
213 6
214 8
215 1
216 8
217 6
218 10
219 0
220 10
221 11
222 2
223 7
224 7
225 8
226 8
227 12
228 10
229 6
230 6
231 8
232 10
233 1
234 0
235 10
236 2
237 8
238 1
239 0
240 6
241 2
242 6
243 2
244 5
245 12
246 5
247 6
248 2
249 2
250 1
251 6
252 12
253 10
254 8
255 7
256 10
257 6
258 8
259 11
260 1
261 8
262 5
263 11
264 12
265 11
266 5
267 10
268 2
269 7
270 12
271 11
272 7
273 12
274 10
275 6
276 7
277 10
278 2
279 3
280 5
281 2
282 6
283 10
284 12
285 4
286 10
287 11
288 12
289 8
290 12
291 8
292 7
293 8
294 2
295 2
296 7
297 10
298 10
299 7
300 8
301 0
302 2
303 12
304 2
305 7
306 12
307 7
308 7
309 7
310 8
311 11
312 12
313 0
314 7
315 10
316 2
317 7
318 1
319 8
320 12
321 11
322 5
323 2
324 11
325 3
326 6
327 12
328 6
329 12
330 12
331 1
332 8
333 8
334 10
335 12
336 6
337 0
338 10
339 6
340 11
341 10
342 2
343 12
344 2
345 7
346 8
347 6
348 10
349 11
350 11
351 6
352 12
353 7
354 11
355 11
356 11
357 0
358 1
359 6
360 10
361 2
362 10
363 2
364 8
365 8
366 6
367 12
368 12
369 12
370 5
371 7
372 7
373 8
374 12
375 12
376 2
377 9
378 10
379 11
380 6
381 1
382 11
383 8
384 3
385 12
386 12
387 7
388 12
389 6
390 6
391 8
392 2
393 12
394 12
395 6
396 11
397 8
398 1
399 7