0 3
1 1
2 2
3 0
4 3
5 1
6 2
7 0
8 3
9 1
10 2
11 0
12 3
13 1
14 2
15 0
16 3
17 1
18 2
19 0
20 3
21 1
22 2
23 0
24 3
25 1
26 2
27 0
28 3
29 1
30 2
31 0
32 3
33 1
34 2
35 0
36 3
37 1
38 2
39 0
40 3
41 1
42 2
43 0
44 3
45 1
46 2
47 0
48 3
49 1
50 2
51 0
52 3
53 1
54 2
55 0
56 3
57 1
58 2
59 0
60 3
61 1
62 2
63 0
64 3
65 1
66 2
67 0
68 3
69 1
70 2
71 0
72 3
73 1
74 2
75 0
76 3
77 1
78 2
79 0
80 3
81 1
82 2
83 0
84 3
85 1
86 2
87 0
88 3
89 1
90 2
91 0
92 3
93 1
94 2
95 0
96 3
97 1
98 2
99 0
100 3
101 1
102 2
103 0
104 3
105 1
106 2
107 0
108 3
109 1
110 2
111 0
112 3
113 1
114 2
115 0
116 3
117 1
118 2
119 0
120 3
121 1
122 2
123 0
124 3
125 1
126 2
127 0
128 3
129 1
130 2
131 0
132 3
133 1
134 2
135 0
136 3
137 1
138 2
139 0
140 3
141 1
142 2
143 0
144 3
145 1
146 2
147 0
148 3
149 1
150 2
151 0
152 3
153 1
154 2
155 0
156 3
157 1
158 2
159 0
160 3
161 1
162 2
163 0
164 3
165 1
166 2
167 0
168 3
169 1
170 2
171 0
172 3
173 1
174 2
175 0
176 3
177 1
178 2
179 0
180 3
181 1
182 2
183 0
184 3
185 1
186 2
187 0
188 3
189 1
190 2
191 0
192 3
193 1
194 2
195 0
196 3
197 1
198 2
199 0
200 3
201 1
202 2
203 0
204 3
205 1
206 2
207 0
208 3
209 1
210 2
211 0
212 3
213 1
214 2
215 0
216 3
217 1
218 2
219 0
220 3
221 1
222 2
223 0
224 3
225 1
226 2
227 0
228 3
229 1
230 2
231 0
232 3
233 1
234 2
235 0
236 3
237 1
238 2
239 0
240 3
241 1
242 2
243 0
244 3
245 1
246 2
247 0
248 3
249 1
250 2
251 0
252 3
253 1
254 2
255 0
256 3
257 1
258 2
259 0
260 3
261 1
262 2
263 0
264 3
265 1
266 2
267 0
268 3
269 1
270 2
271 0
272 3
273 1
274 2
275 0
276 3
277 1
278 2
279 0
280 3
281 1
282 2
283 0
284 3
285 1
286 2
287 0
288 3
289 1
290 2
291 0
292 3
293 1
294 2
295 0
296 3
297 1
298 2
299 0
300 3
301 1
302 2
303 0
304 3
305 1
306 2
307 0
308 3
309 1
310 2
311 0
312 3
313 1
314 2
315 0
316 3
317 1
318 2
319 0
320 3
321 1
322 2
323 0
324 3
325 1
326 2
327 0
328 3
329 1
330 2
331 0
332 3
333 1
334 2
335 0
336 3
337 1
338 2
339 0
340 3
341 1
342 2
343 0
344 3
345 1
346 2
347 0
348 3
349 1
350 2
351 0
352 3
353 1
354 2
355 0
356 3
357 1
358 2
359 0
360 3
361 1
362 2
363 0
364 3
365 1
366 2
367 0
368 3
369 1
370 2
371 0
372 3
373 1
374 2
375 0
376 3
377 1
378 2
379 0
380 3
381 1
382 2
383 0
384 3
385 1
386 2
387 0
388 3
389 1
390 2
391 0
392 3
393 1
394 2
395 0
396 3
397 1
398 2
399 0